     Energy       Flux            PL            PC          PL45        1-|PL|
         eV  ph/s/0.1%             -             -             -             -
0.00000e+00  7.169e+10  1.776364e-01  0.000000e+00  0.000000e+00  8.223636e-01
6.25000e-01  1.988e+13  1.540300e-01  0.000000e+00  0.000000e+00  8.459700e-01
9.37500e-01  2.764e+13  3.764786e-01  0.000000e+00  0.000000e+00  6.235214e-01
1.25000e+00  4.265e+13  6.363898e-01  0.000000e+00  0.000000e+00  3.636102e-01
1.87500e+00  2.781e+13  3.961658e-01  0.000000e+00  0.000000e+00  6.038342e-01
2.50000e+00  4.444e+13  6.238392e-01  0.000000e+00  0.000000e+00  3.761608e-01
3.75000e+00  3.980e+13  6.075517e-01  0.000000e+00  0.000000e+00  3.924483e-01
5.00000e+00  3.724e+13  6.260630e-01  0.000000e+00  0.000000e+00  3.739370e-01
7.50000e+00  3.773e+13  7.034240e-01  0.000000e+00  0.000000e+00  2.965760e-01
1.00000e+01  3.135e+13  7.163197e-01  0.000000e+00  0.000000e+00  2.836803e-01
1.50000e+01  2.963e+13  7.787415e-01  0.000000e+00  0.000000e+00  2.212585e-01
2.00000e+01  2.193e+13  7.952835e-01  0.000000e+00  0.000000e+00  2.047165e-01
2.50000e+01  1.757e+13  8.161686e-01  0.000000e+00  0.000000e+00  1.838314e-01
3.00000e+01  1.222e+13  8.169318e-01  0.000000e+00  0.000000e+00  1.830682e-01
3.50000e+01  9.428e+12  8.293661e-01  0.000000e+00  0.000000e+00  1.706339e-01
4.00000e+01  6.945e+12  8.369104e-01  0.000000e+00  0.000000e+00  1.630896e-01
4.50000e+01  5.711e+12  8.585339e-01  0.000000e+00  0.000000e+00  1.414661e-01
5.00000e+01  4.261e+12  8.664849e-01  0.000000e+00  0.000000e+00  1.335151e-01
5.50000e+01  3.374e+12  8.780004e-01  0.000000e+00  0.000000e+00  1.219996e-01
6.00000e+01  2.383e+12  8.791601e-01  0.000000e+00  0.000000e+00  1.208399e-01
6.50000e+01  1.866e+12  8.867363e-01  0.000000e+00  0.000000e+00  1.132637e-01
7.00000e+01  1.349e+12  8.874287e-01  0.000000e+00  0.000000e+00  1.125713e-01
7.50000e+01  1.106e+12  9.029656e-01  0.000000e+00  0.000000e+00  9.703439e-02
8.00000e+01  7.978e+11  8.992679e-01  0.000000e+00  0.000000e+00  1.007321e-01
8.50000e+01  6.403e+11  9.116739e-01  0.000000e+00  0.000000e+00  8.832606e-02
9.00000e+01  4.498e+11  9.079055e-01  0.000000e+00  0.000000e+00  9.209448e-02
9.50000e+01  3.569e+11  9.135367e-01  0.000000e+00  0.000000e+00  8.646334e-02
1.00000e+02  2.562e+11  9.138593e-01  0.000000e+00  0.000000e+00  8.614068e-02
