     Energy       Flux            PL            PC          PL45        1-|PL|
         eV  ph/s/0.1%             -             -             -             -
0.00000e+00  4.208e+05  4.774014e-02  0.000000e+00  0.000000e+00  9.522599e-01
1.00000e-02  6.236e+05  3.258469e-02  0.000000e+00  0.000000e+00  9.674153e-01
2.00000e-02  7.726e+05  2.658663e-02  0.000000e+00  0.000000e+00  9.734134e-01
3.00000e-02  8.748e+05  2.390656e-02  0.000000e+00  0.000000e+00  9.760934e-01
4.00000e-02  9.869e+05  2.169212e-02  0.000000e+00  0.000000e+00  9.783079e-01
5.00000e-02  1.134e+06  1.927418e-02  0.000000e+00  0.000000e+00  9.807258e-01
6.00000e-02  1.309e+06  1.711865e-02  0.000000e+00  0.000000e+00  9.828813e-01
7.00000e-02  1.507e+06  1.532615e-02  0.000000e+00  0.000000e+00  9.846738e-01
8.00000e-02  1.735e+06  1.371816e-02  0.000000e+00  0.000000e+00  9.862818e-01
9.00000e-02  1.983e+06  1.237930e-02  0.000000e+00  0.000000e+00  9.876207e-01
1.00000e-01  2.239e+06  1.141448e-02  0.000000e+00  0.000000e+00  9.885855e-01
1.10000e-01  2.491e+06  1.071775e-02  0.000000e+00  0.000000e+00  9.892822e-01
1.20000e-01  2.736e+06  1.022026e-02  0.000000e+00  0.000000e+00  9.897797e-01
1.30000e-01  2.969e+06  9.940474e-03  0.000000e+00  0.000000e+00  9.900595e-01
1.40000e-01  3.192e+06  9.807261e-03  0.000000e+00  0.000000e+00  9.901927e-01
1.50000e-01  3.405e+06  9.749622e-03  0.000000e+00  0.000000e+00  9.902504e-01
1.60000e-01  3.607e+06  9.800968e-03  0.000000e+00  0.000000e+00  9.901990e-01
1.70000e-01  3.798e+06  9.953563e-03  0.000000e+00  0.000000e+00  9.900464e-01
1.80000e-01  3.981e+06  1.014698e-02  0.000000e+00  0.000000e+00  9.898530e-01
1.90000e-01  4.160e+06  1.040028e-02  0.000000e+00  0.000000e+00  9.895997e-01
2.00000e-01  4.336e+06  1.073627e-02  0.000000e+00  0.000000e+00  9.892637e-01
2.10000e-01  4.513e+06  1.110528e-02  0.000000e+00  0.000000e+00  9.888947e-01
2.20000e-01  4.690e+06  1.150281e-02  0.000000e+00  0.000000e+00  9.884972e-01
2.30000e-01  4.867e+06  1.196466e-02  0.000000e+00  0.000000e+00  9.880353e-01
2.40000e-01  5.044e+06  1.246006e-02  0.000000e+00  0.000000e+00  9.875399e-01
2.50000e-01  5.222e+06  1.296541e-02  0.000000e+00  0.000000e+00  9.870346e-01
2.60000e-01  5.399e+06  1.351811e-02  0.000000e+00  0.000000e+00  9.864819e-01
2.70000e-01  5.576e+06  1.411453e-02  0.000000e+00  0.000000e+00  9.858855e-01
2.80000e-01  5.752e+06  1.472684e-02  0.000000e+00  0.000000e+00  9.852732e-01
2.90000e-01  5.926e+06  1.538586e-02  0.000000e+00  0.000000e+00  9.846141e-01
3.00000e-01  6.097e+06  1.610484e-02  0.000000e+00  0.000000e+00  9.838952e-01
3.10000e-01  6.266e+06  1.684690e-02  0.000000e+00  0.000000e+00  9.831531e-01
3.20000e-01  6.432e+06  1.762038e-02  0.000000e+00  0.000000e+00  9.823796e-01
3.30000e-01  6.595e+06  1.845057e-02  0.000000e+00  0.000000e+00  9.815494e-01
3.40000e-01  6.756e+06  1.930845e-02  0.000000e+00  0.000000e+00  9.806915e-01
3.50000e-01  6.915e+06  2.018585e-02  0.000000e+00  0.000000e+00  9.798142e-01
3.60000e-01  7.072e+06  2.111556e-02  0.000000e+00  0.000000e+00  9.788844e-01
3.70000e-01  7.226e+06  2.208548e-02  0.000000e+00  0.000000e+00  9.779145e-01
3.80000e-01  7.379e+06  2.307445e-02  0.000000e+00  0.000000e+00  9.769256e-01
3.90000e-01  7.531e+06  2.410959e-02  0.000000e+00  0.000000e+00  9.758904e-01
4.00000e-01  7.681e+06  2.519238e-02  0.000000e+00  0.000000e+00  9.748076e-01
4.10000e-01  7.829e+06  2.629259e-02  0.000000e+00  0.000000e+00  9.737074e-01
4.20000e-01  7.976e+06  2.742580e-02  0.000000e+00  0.000000e+00  9.725742e-01
4.30000e-01  8.122e+06  2.860850e-02  0.000000e+00  0.000000e+00  9.713915e-01
4.40000e-01  8.266e+06  2.981310e-02  0.000000e+00  0.000000e+00  9.701869e-01
4.50000e-01  8.409e+06  3.104339e-02  0.000000e+00  0.000000e+00  9.689566e-01
4.60000e-01  8.550e+06  3.232863e-02  0.000000e+00  0.000000e+00  9.676714e-01
4.70000e-01  8.690e+06  3.365126e-02  0.000000e+00  0.000000e+00  9.663487e-01
4.80000e-01  8.829e+06  3.499801e-02  0.000000e+00  0.000000e+00  9.650020e-01
4.90000e-01  8.966e+06  3.639564e-02  0.000000e+00  0.000000e+00  9.636044e-01
5.00000e-01  9.101e+06  3.783775e-02  0.000000e+00  0.000000e+00  9.621623e-01
5.10000e-01  9.235e+06  3.930001e-02  0.000000e+00  0.000000e+00  9.607000e-01
5.20000e-01  9.367e+06  4.080315e-02  0.000000e+00  0.000000e+00  9.591968e-01
5.30000e-01  9.499e+06  4.235635e-02  0.000000e+00  0.000000e+00  9.576436e-01
5.40000e-01  9.628e+06  4.393380e-02  0.000000e+00  0.000000e+00  9.560662e-01
5.50000e-01  9.757e+06  4.554634e-02  0.000000e+00  0.000000e+00  9.544537e-01
5.60000e-01  9.884e+06  4.721528e-02  0.000000e+00  0.000000e+00  9.527847e-01
5.70000e-01  1.001e+07  4.891717e-02  0.000000e+00  0.000000e+00  9.510828e-01
5.80000e-01  1.014e+07  5.064632e-02  0.000000e+00  0.000000e+00  9.493537e-01
5.90000e-01  1.026e+07  5.242839e-02  0.000000e+00  0.000000e+00  9.475716e-01
6.00000e-01  1.038e+07  5.425008e-02  0.000000e+00  0.000000e+00  9.457499e-01
6.10000e-01  1.050e+07  5.609353e-02  0.000000e+00  0.000000e+00  9.439065e-01
6.20000e-01  1.062e+07  5.798399e-02  0.000000e+00  0.000000e+00  9.420160e-01
6.30000e-01  1.074e+07  5.992475e-02  0.000000e+00  0.000000e+00  9.400752e-01
6.40000e-01  1.086e+07  6.189319e-02  0.000000e+00  0.000000e+00  9.381068e-01
6.50000e-01  1.098e+07  6.390619e-02  0.000000e+00  0.000000e+00  9.360938e-01
6.60000e-01  1.109e+07  6.597775e-02  0.000000e+00  0.000000e+00  9.340223e-01
6.70000e-01  1.121e+07  6.808186e-02  0.000000e+00  0.000000e+00  9.319181e-01
6.80000e-01  1.132e+07  7.022082e-02  0.000000e+00  0.000000e+00  9.297792e-01
6.90000e-01  1.144e+07  7.241746e-02  0.000000e+00  0.000000e+00  9.275825e-01
7.00000e-01  1.155e+07  7.465282e-02  0.000000e+00  0.000000e+00  9.253472e-01
7.10000e-01  1.166e+07  7.691651e-02  0.000000e+00  0.000000e+00  9.230835e-01
7.20000e-01  1.177e+07  7.923560e-02  0.000000e+00  0.000000e+00  9.207644e-01
7.30000e-01  1.188e+07  8.160461e-02  0.000000e+00  0.000000e+00  9.183954e-01
7.40000e-01  1.199e+07  8.400244e-02  0.000000e+00  0.000000e+00  9.159976e-01
7.50000e-01  1.210e+07  8.644969e-02  0.000000e+00  0.000000e+00  9.135503e-01
7.60000e-01  1.221e+07  8.895295e-02  0.000000e+00  0.000000e+00  9.110470e-01
7.70000e-01  1.231e+07  9.148580e-02  0.000000e+00  0.000000e+00  9.085142e-01
7.80000e-01  1.242e+07  9.405800e-02  0.000000e+00  0.000000e+00  9.059420e-01
7.90000e-01  1.252e+07  9.668845e-02  0.000000e+00  0.000000e+00  9.033115e-01
8.00000e-01  1.263e+07  9.935512e-02  0.000000e+00  0.000000e+00  9.006449e-01
8.10000e-01  1.273e+07  1.020568e-01  0.000000e+00  0.000000e+00  8.979432e-01
8.20000e-01  1.284e+07  1.048210e-01  0.000000e+00  0.000000e+00  8.951790e-01
8.30000e-01  1.294e+07  1.076343e-01  0.000000e+00  0.000000e+00  8.923657e-01
8.40000e-01  1.304e+07  1.104801e-01  0.000000e+00  0.000000e+00  8.895199e-01
8.50000e-01  1.315e+07  1.133825e-01  0.000000e+00  0.000000e+00  8.866175e-01
8.60000e-01  1.325e+07  1.163405e-01  0.000000e+00  0.000000e+00  8.836595e-01
8.70000e-01  1.335e+07  1.193287e-01  0.000000e+00  0.000000e+00  8.806713e-01
8.80000e-01  1.345e+07  1.223639e-01  0.000000e+00  0.000000e+00  8.776361e-01
8.90000e-01  1.355e+07  1.254591e-01  0.000000e+00  0.000000e+00  8.745409e-01
9.00000e-01  1.365e+07  1.285884e-01  0.000000e+00  0.000000e+00  8.714116e-01
9.10000e-01  1.375e+07  1.317566e-01  0.000000e+00  0.000000e+00  8.682434e-01
9.20000e-01  1.385e+07  1.349862e-01  0.000000e+00  0.000000e+00  8.650138e-01
9.30000e-01  1.395e+07  1.382566e-01  0.000000e+00  0.000000e+00  8.617434e-01
9.40000e-01  1.405e+07  1.415575e-01  0.000000e+00  0.000000e+00  8.584425e-01
9.50000e-01  1.415e+07  1.449152e-01  0.000000e+00  0.000000e+00  8.550848e-01
9.60000e-01  1.424e+07  1.483205e-01  0.000000e+00  0.000000e+00  8.516795e-01
9.70000e-01  1.434e+07  1.517523e-01  0.000000e+00  0.000000e+00  8.482477e-01
9.80000e-01  1.444e+07  1.552344e-01  0.000000e+00  0.000000e+00  8.447656e-01
9.90000e-01  1.454e+07  1.587745e-01  0.000000e+00  0.000000e+00  8.412255e-01
1.00000e+00  1.464e+07  1.623466e-01  0.000000e+00  0.000000e+00  8.376534e-01
1.01000e+00  1.473e+07  1.659631e-01  0.000000e+00  0.000000e+00  8.340369e-01
1.02000e+00  1.483e+07  1.696421e-01  0.000000e+00  0.000000e+00  8.303579e-01
1.03000e+00  1.493e+07  1.733576e-01  0.000000e+00  0.000000e+00  8.266424e-01
1.04000e+00  1.503e+07  1.771070e-01  0.000000e+00  0.000000e+00  8.228930e-01
1.05000e+00  1.512e+07  1.809163e-01  0.000000e+00  0.000000e+00  8.190837e-01
1.06000e+00  1.522e+07  1.847694e-01  0.000000e+00  0.000000e+00  8.152306e-01
1.07000e+00  1.532e+07  1.886518e-01  0.000000e+00  0.000000e+00  8.113482e-01
1.08000e+00  1.542e+07  1.925922e-01  0.000000e+00  0.000000e+00  8.074078e-01
1.09000e+00  1.552e+07  1.965896e-01  0.000000e+00  0.000000e+00  8.034104e-01
1.10000e+00  1.561e+07  2.006181e-01  0.000000e+00  0.000000e+00  7.993819e-01
1.11000e+00  1.571e+07  2.046963e-01  0.000000e+00  0.000000e+00  7.953037e-01
1.12000e+00  1.581e+07  2.088359e-01  0.000000e+00  0.000000e+00  7.911641e-01
1.13000e+00  1.591e+07  2.130077e-01  0.000000e+00  0.000000e+00  7.869923e-01
1.14000e+00  1.601e+07  2.172174e-01  0.000000e+00  0.000000e+00  7.827826e-01
1.15000e+00  1.611e+07  2.214885e-01  0.000000e+00  0.000000e+00  7.785115e-01
1.16000e+00  1.621e+07  2.257987e-01  0.000000e+00  0.000000e+00  7.742013e-01
1.17000e+00  1.631e+07  2.301395e-01  0.000000e+00  0.000000e+00  7.698605e-01
1.18000e+00  1.641e+07  2.345398e-01  0.000000e+00  0.000000e+00  7.654602e-01
1.19000e+00  1.651e+07  2.389881e-01  0.000000e+00  0.000000e+00  7.610119e-01
1.20000e+00  1.662e+07  2.434613e-01  0.000000e+00  0.000000e+00  7.565387e-01
1.21000e+00  1.672e+07  2.479840e-01  0.000000e+00  0.000000e+00  7.520160e-01
1.22000e+00  1.682e+07  2.525600e-01  0.000000e+00  0.000000e+00  7.474400e-01
1.23000e+00  1.693e+07  2.571590e-01  0.000000e+00  0.000000e+00  7.428410e-01
1.24000e+00  1.703e+07  2.617963e-01  0.000000e+00  0.000000e+00  7.382037e-01
1.25000e+00  1.714e+07  2.664926e-01  0.000000e+00  0.000000e+00  7.335074e-01
1.26000e+00  1.724e+07  2.712212e-01  0.000000e+00  0.000000e+00  7.287788e-01
1.27000e+00  1.735e+07  2.759823e-01  0.000000e+00  0.000000e+00  7.240177e-01
1.28000e+00  1.746e+07  2.808038e-01  0.000000e+00  0.000000e+00  7.191962e-01
1.29000e+00  1.757e+07  2.856649e-01  0.000000e+00  0.000000e+00  7.143351e-01
1.30000e+00  1.768e+07  2.905485e-01  0.000000e+00  0.000000e+00  7.094515e-01
1.31000e+00  1.779e+07  2.954833e-01  0.000000e+00  0.000000e+00  7.045167e-01
1.32000e+00  1.790e+07  3.004637e-01  0.000000e+00  0.000000e+00  6.995363e-01
1.33000e+00  1.801e+07  3.054614e-01  0.000000e+00  0.000000e+00  6.945386e-01
1.34000e+00  1.813e+07  3.104991e-01  0.000000e+00  0.000000e+00  6.895009e-01
1.35000e+00  1.824e+07  3.155887e-01  0.000000e+00  0.000000e+00  6.844113e-01
1.36000e+00  1.836e+07  3.206979e-01  0.000000e+00  0.000000e+00  6.793021e-01
1.37000e+00  1.848e+07  3.258341e-01  0.000000e+00  0.000000e+00  6.741659e-01
1.38000e+00  1.859e+07  3.310217e-01  0.000000e+00  0.000000e+00  6.689783e-01
1.39000e+00  1.871e+07  3.362325e-01  0.000000e+00  0.000000e+00  6.637675e-01
1.40000e+00  1.884e+07  3.414570e-01  0.000000e+00  0.000000e+00  6.585430e-01
1.41000e+00  1.896e+07  3.467263e-01  0.000000e+00  0.000000e+00  6.532737e-01
1.42000e+00  1.908e+07  3.520264e-01  0.000000e+00  0.000000e+00  6.479736e-01
1.43000e+00  1.921e+07  3.573347e-01  0.000000e+00  0.000000e+00  6.426653e-01
1.44000e+00  1.933e+07  3.626815e-01  0.000000e+00  0.000000e+00  6.373185e-01
1.45000e+00  1.946e+07  3.680695e-01  0.000000e+00  0.000000e+00  6.319305e-01
1.46000e+00  1.959e+07  3.734647e-01  0.000000e+00  0.000000e+00  6.265353e-01
1.47000e+00  1.973e+07  3.788837e-01  0.000000e+00  0.000000e+00  6.211163e-01
1.48000e+00  1.986e+07  3.843451e-01  0.000000e+00  0.000000e+00  6.156549e-01
1.49000e+00  1.999e+07  3.898145e-01  0.000000e+00  0.000000e+00  6.101855e-01
1.50000e+00  2.013e+07  3.952919e-01  0.000000e+00  0.000000e+00  6.047081e-01
1.51000e+00  2.027e+07  4.008081e-01  0.000000e+00  0.000000e+00  5.991919e-01
1.52000e+00  2.041e+07  4.063388e-01  0.000000e+00  0.000000e+00  5.936612e-01
1.53000e+00  2.055e+07  4.118667e-01  0.000000e+00  0.000000e+00  5.881333e-01
1.54000e+00  2.070e+07  4.174251e-01  0.000000e+00  0.000000e+00  5.825749e-01
1.55000e+00  2.085e+07  4.230049e-01  0.000000e+00  0.000000e+00  5.769951e-01
1.56000e+00  2.100e+07  4.285740e-01  0.000000e+00  0.000000e+00  5.714260e-01
1.57000e+00  2.115e+07  4.341582e-01  0.000000e+00  0.000000e+00  5.658418e-01
1.58000e+00  2.130e+07  4.397677e-01  0.000000e+00  0.000000e+00  5.602323e-01
1.59000e+00  2.146e+07  4.453644e-01  0.000000e+00  0.000000e+00  5.546356e-01
1.60000e+00  2.162e+07  4.509593e-01  0.000000e+00  0.000000e+00  5.490407e-01
1.61000e+00  2.178e+07  4.565791e-01  0.000000e+00  0.000000e+00  5.434209e-01
1.62000e+00  2.194e+07  4.621902e-01  0.000000e+00  0.000000e+00  5.378098e-01
1.63000e+00  2.210e+07  4.677836e-01  0.000000e+00  0.000000e+00  5.322164e-01
1.64000e+00  2.227e+07  4.733945e-01  0.000000e+00  0.000000e+00  5.266055e-01
1.65000e+00  2.244e+07  4.790029e-01  0.000000e+00  0.000000e+00  5.209971e-01
1.66000e+00  2.262e+07  4.845817e-01  0.000000e+00  0.000000e+00  5.154183e-01
1.67000e+00  2.279e+07  4.901649e-01  0.000000e+00  0.000000e+00  5.098351e-01
1.68000e+00  2.297e+07  4.957529e-01  0.000000e+00  0.000000e+00  5.042471e-01
1.69000e+00  2.316e+07  5.013085e-01  0.000000e+00  0.000000e+00  4.986915e-01
1.70000e+00  2.334e+07  5.068566e-01  0.000000e+00  0.000000e+00  4.931434e-01
1.71000e+00  2.353e+07  5.124189e-01  0.000000e+00  0.000000e+00  4.875811e-01
1.72000e+00  2.372e+07  5.179550e-01  0.000000e+00  0.000000e+00  4.820450e-01
1.73000e+00  2.392e+07  5.234675e-01  0.000000e+00  0.000000e+00  4.765325e-01
1.74000e+00  2.412e+07  5.289912e-01  0.000000e+00  0.000000e+00  4.710088e-01
1.75000e+00  2.432e+07  5.344944e-01  0.000000e+00  0.000000e+00  4.655056e-01
1.76000e+00  2.452e+07  5.399582e-01  0.000000e+00  0.000000e+00  4.600418e-01
1.77000e+00  2.473e+07  5.454233e-01  0.000000e+00  0.000000e+00  4.545767e-01
1.78000e+00  2.495e+07  5.508786e-01  0.000000e+00  0.000000e+00  4.491214e-01
1.79000e+00  2.516e+07  5.562887e-01  0.000000e+00  0.000000e+00  4.437113e-01
1.80000e+00  2.538e+07  5.616885e-01  0.000000e+00  0.000000e+00  4.383115e-01
1.81000e+00  2.561e+07  5.670889e-01  0.000000e+00  0.000000e+00  4.329111e-01
1.82000e+00  2.583e+07  5.724432e-01  0.000000e+00  0.000000e+00  4.275568e-01
1.83000e+00  2.606e+07  5.777680e-01  0.000000e+00  0.000000e+00  4.222320e-01
1.84000e+00  2.630e+07  5.830949e-01  0.000000e+00  0.000000e+00  4.169051e-01
1.85000e+00  2.654e+07  5.883808e-01  0.000000e+00  0.000000e+00  4.116192e-01
1.86000e+00  2.678e+07  5.936182e-01  0.000000e+00  0.000000e+00  4.063818e-01
1.87000e+00  2.703e+07  5.988527e-01  0.000000e+00  0.000000e+00  4.011473e-01
1.88000e+00  2.728e+07  6.040568e-01  0.000000e+00  0.000000e+00  3.959432e-01
1.89000e+00  2.754e+07  6.091985e-01  0.000000e+00  0.000000e+00  3.908015e-01
1.90000e+00  2.780e+07  6.143237e-01  0.000000e+00  0.000000e+00  3.856763e-01
1.91000e+00  2.807e+07  6.194297e-01  0.000000e+00  0.000000e+00  3.805703e-01
1.92000e+00  2.834e+07  6.244664e-01  0.000000e+00  0.000000e+00  3.755336e-01
1.93000e+00  2.861e+07  6.294666e-01  0.000000e+00  0.000000e+00  3.705334e-01
1.94000e+00  2.889e+07  6.344559e-01  0.000000e+00  0.000000e+00  3.655441e-01
1.95000e+00  2.918e+07  6.393788e-01  0.000000e+00  0.000000e+00  3.606212e-01
1.96000e+00  2.946e+07  6.442439e-01  0.000000e+00  0.000000e+00  3.557561e-01
1.97000e+00  2.976e+07  6.490999e-01  0.000000e+00  0.000000e+00  3.509001e-01
1.98000e+00  3.006e+07  6.539015e-01  0.000000e+00  0.000000e+00  3.460985e-01
1.99000e+00  3.037e+07  6.586254e-01  0.000000e+00  0.000000e+00  3.413746e-01
2.00000e+00  3.068e+07  6.633320e-01  0.000000e+00  0.000000e+00  3.366680e-01
2.01000e+00  3.100e+07  6.680002e-01  0.000000e+00  0.000000e+00  3.319998e-01
2.02000e+00  3.132e+07  6.725780e-01  0.000000e+00  0.000000e+00  3.274220e-01
2.03000e+00  3.164e+07  6.771205e-01  0.000000e+00  0.000000e+00  3.228795e-01
2.04000e+00  3.198e+07  6.816419e-01  0.000000e+00  0.000000e+00  3.183581e-01
2.05000e+00  3.232e+07  6.860719e-01  0.000000e+00  0.000000e+00  3.139281e-01
2.06000e+00  3.266e+07  6.904425e-01  0.000000e+00  0.000000e+00  3.095575e-01
2.07000e+00  3.302e+07  6.948047e-01  0.000000e+00  0.000000e+00  3.051953e-01
2.08000e+00  3.337e+07  6.990863e-01  0.000000e+00  0.000000e+00  3.009137e-01
2.09000e+00  3.374e+07  7.032803e-01  0.000000e+00  0.000000e+00  2.967197e-01
2.10000e+00  3.411e+07  7.074666e-01  0.000000e+00  0.000000e+00  2.925334e-01
2.11000e+00  3.449e+07  7.115937e-01  0.000000e+00  0.000000e+00  2.884063e-01
2.12000e+00  3.487e+07  7.156085e-01  0.000000e+00  0.000000e+00  2.843915e-01
2.13000e+00  3.526e+07  7.196013e-01  0.000000e+00  0.000000e+00  2.803987e-01
2.14000e+00  3.566e+07  7.235630e-01  0.000000e+00  0.000000e+00  2.764370e-01
2.15000e+00  3.606e+07  7.273958e-01  0.000000e+00  0.000000e+00  2.726042e-01
2.16000e+00  3.647e+07  7.311750e-01  0.000000e+00  0.000000e+00  2.688250e-01
2.17000e+00  3.689e+07  7.349520e-01  0.000000e+00  0.000000e+00  2.650480e-01
2.18000e+00  3.732e+07  7.386026e-01  0.000000e+00  0.000000e+00  2.613974e-01
2.19000e+00  3.774e+07  7.421550e-01  0.000000e+00  0.000000e+00  2.578450e-01
2.20000e+00  3.819e+07  7.457280e-01  0.000000e+00  0.000000e+00  2.542720e-01
2.21000e+00  3.863e+07  7.492002e-01  0.000000e+00  0.000000e+00  2.507998e-01
2.22000e+00  3.907e+07  7.525183e-01  0.000000e+00  0.000000e+00  2.474817e-01
2.23000e+00  3.953e+07  7.558593e-01  0.000000e+00  0.000000e+00  2.441407e-01
2.24000e+00  4.000e+07  7.591504e-01  0.000000e+00  0.000000e+00  2.408496e-01
2.25000e+00  4.045e+07  7.622253e-01  0.000000e+00  0.000000e+00  2.377747e-01
2.26000e+00  4.092e+07  7.652902e-01  0.000000e+00  0.000000e+00  2.347098e-01
2.27000e+00  4.141e+07  7.683884e-01  0.000000e+00  0.000000e+00  2.316116e-01
2.28000e+00  4.188e+07  7.712141e-01  0.000000e+00  0.000000e+00  2.287859e-01
2.29000e+00  4.234e+07  7.739320e-01  0.000000e+00  0.000000e+00  2.260680e-01
2.30000e+00  4.286e+07  7.767995e-01  0.000000e+00  0.000000e+00  2.232005e-01
2.31000e+00  4.333e+07  7.793466e-01  0.000000e+00  0.000000e+00  2.206534e-01
2.32000e+00  4.375e+07  7.815300e-01  0.000000e+00  0.000000e+00  2.184700e-01
2.33000e+00  4.425e+07  7.840109e-01  0.000000e+00  0.000000e+00  2.159891e-01
2.34000e+00  4.469e+07  7.861257e-01  0.000000e+00  0.000000e+00  2.138743e-01
2.35000e+00  4.488e+07  7.870127e-01  0.000000e+00  0.000000e+00  2.129873e-01
2.36000e+00  4.517e+07  7.882537e-01  0.000000e+00  0.000000e+00  2.117463e-01
2.37000e+00  4.524e+07  7.884759e-01  0.000000e+00  0.000000e+00  2.115241e-01
2.38000e+00  4.272e+07  7.759328e-01  0.000000e+00  0.000000e+00  2.240672e-01
2.39000e+00  3.549e+07  7.299506e-01  0.000000e+00  0.000000e+00  2.700494e-01
2.40000e+00  2.555e+07  6.239272e-01  0.000000e+00  0.000000e+00  3.760728e-01
2.41000e+00  1.779e+07  4.592355e-01  0.000000e+00  0.000000e+00  5.407645e-01
2.42000e+00  1.458e+07  3.408809e-01  0.000000e+00  0.000000e+00  6.591191e-01
2.43000e+00  1.407e+07  3.176638e-01  0.000000e+00  0.000000e+00  6.823362e-01
2.44000e+00  1.387e+07  3.070547e-01  0.000000e+00  0.000000e+00  6.929453e-01
2.45000e+00  1.360e+07  2.902316e-01  0.000000e+00  0.000000e+00  7.097684e-01
2.46000e+00  1.355e+07  2.857264e-01  0.000000e+00  0.000000e+00  7.142736e-01
2.47000e+00  1.355e+07  2.857955e-01  0.000000e+00  0.000000e+00  7.142045e-01
2.48000e+00  1.347e+07  2.820044e-01  0.000000e+00  0.000000e+00  7.179956e-01
2.49000e+00  1.345e+07  2.810779e-01  0.000000e+00  0.000000e+00  7.189221e-01
2.50000e+00  1.351e+07  2.832774e-01  0.000000e+00  0.000000e+00  7.167226e-01
2.51000e+00  1.353e+07  2.835156e-01  0.000000e+00  0.000000e+00  7.164844e-01
2.52000e+00  1.357e+07  2.840251e-01  0.000000e+00  0.000000e+00  7.159749e-01
2.53000e+00  1.364e+07  2.867510e-01  0.000000e+00  0.000000e+00  7.132490e-01
2.54000e+00  1.369e+07  2.888269e-01  0.000000e+00  0.000000e+00  7.111731e-01
2.55000e+00  1.373e+07  2.903557e-01  0.000000e+00  0.000000e+00  7.096443e-01
2.56000e+00  1.379e+07  2.932627e-01  0.000000e+00  0.000000e+00  7.067373e-01
2.57000e+00  1.386e+07  2.962293e-01  0.000000e+00  0.000000e+00  7.037707e-01
2.58000e+00  1.391e+07  2.984737e-01  0.000000e+00  0.000000e+00  7.015263e-01
2.59000e+00  1.397e+07  3.014124e-01  0.000000e+00  0.000000e+00  6.985876e-01
2.60000e+00  1.405e+07  3.047574e-01  0.000000e+00  0.000000e+00  6.952426e-01
2.61000e+00  1.411e+07  3.075164e-01  0.000000e+00  0.000000e+00  6.924836e-01
2.62000e+00  1.418e+07  3.104888e-01  0.000000e+00  0.000000e+00  6.895112e-01
2.63000e+00  1.426e+07  3.139650e-01  0.000000e+00  0.000000e+00  6.860350e-01
2.64000e+00  1.433e+07  3.170931e-01  0.000000e+00  0.000000e+00  6.829069e-01
2.65000e+00  1.440e+07  3.201401e-01  0.000000e+00  0.000000e+00  6.798599e-01
2.66000e+00  1.448e+07  3.236364e-01  0.000000e+00  0.000000e+00  6.763636e-01
2.67000e+00  1.456e+07  3.270231e-01  0.000000e+00  0.000000e+00  6.729769e-01
2.68000e+00  1.464e+07  3.301924e-01  0.000000e+00  0.000000e+00  6.698076e-01
2.69000e+00  1.472e+07  3.336744e-01  0.000000e+00  0.000000e+00  6.663256e-01
2.70000e+00  1.480e+07  3.372223e-01  0.000000e+00  0.000000e+00  6.627777e-01
2.71000e+00  1.488e+07  3.405308e-01  0.000000e+00  0.000000e+00  6.594692e-01
2.72000e+00  1.496e+07  3.439948e-01  0.000000e+00  0.000000e+00  6.560052e-01
2.73000e+00  1.505e+07  3.476229e-01  0.000000e+00  0.000000e+00  6.523771e-01
2.74000e+00  1.513e+07  3.510610e-01  0.000000e+00  0.000000e+00  6.489390e-01
2.75000e+00  1.521e+07  3.545159e-01  0.000000e+00  0.000000e+00  6.454841e-01
2.76000e+00  1.530e+07  3.581572e-01  0.000000e+00  0.000000e+00  6.418428e-01
2.77000e+00  1.539e+07  3.616913e-01  0.000000e+00  0.000000e+00  6.383087e-01
2.78000e+00  1.547e+07  3.651503e-01  0.000000e+00  0.000000e+00  6.348497e-01
2.79000e+00  1.556e+07  3.687678e-01  0.000000e+00  0.000000e+00  6.312322e-01
2.80000e+00  1.565e+07  3.723642e-01  0.000000e+00  0.000000e+00  6.276358e-01
2.81000e+00  1.574e+07  3.758446e-01  0.000000e+00  0.000000e+00  6.241554e-01
2.82000e+00  1.583e+07  3.794262e-01  0.000000e+00  0.000000e+00  6.205738e-01
2.83000e+00  1.592e+07  3.830552e-01  0.000000e+00  0.000000e+00  6.169448e-01
2.84000e+00  1.601e+07  3.865740e-01  0.000000e+00  0.000000e+00  6.134260e-01
2.85000e+00  1.610e+07  3.901320e-01  0.000000e+00  0.000000e+00  6.098680e-01
2.86000e+00  1.620e+07  3.937745e-01  0.000000e+00  0.000000e+00  6.062255e-01
2.87000e+00  1.629e+07  3.973377e-01  0.000000e+00  0.000000e+00  6.026623e-01
2.88000e+00  1.639e+07  4.008838e-01  0.000000e+00  0.000000e+00  5.991162e-01
2.89000e+00  1.648e+07  4.045180e-01  0.000000e+00  0.000000e+00  5.954820e-01
2.90000e+00  1.658e+07  4.081151e-01  0.000000e+00  0.000000e+00  5.918849e-01
2.91000e+00  1.668e+07  4.116578e-01  0.000000e+00  0.000000e+00  5.883422e-01
2.92000e+00  1.677e+07  4.152662e-01  0.000000e+00  0.000000e+00  5.847338e-01
2.93000e+00  1.687e+07  4.188747e-01  0.000000e+00  0.000000e+00  5.811253e-01
2.94000e+00  1.697e+07  4.224126e-01  0.000000e+00  0.000000e+00  5.775874e-01
2.95000e+00  1.707e+07  4.259818e-01  0.000000e+00  0.000000e+00  5.740182e-01
2.96000e+00  1.717e+07  4.295788e-01  0.000000e+00  0.000000e+00  5.704212e-01
2.97000e+00  1.727e+07  4.331120e-01  0.000000e+00  0.000000e+00  5.668880e-01
2.98000e+00  1.738e+07  4.366422e-01  0.000000e+00  0.000000e+00  5.633578e-01
2.99000e+00  1.748e+07  4.402120e-01  0.000000e+00  0.000000e+00  5.597880e-01
3.00000e+00  1.758e+07  4.437355e-01  0.000000e+00  0.000000e+00  5.562645e-01
3.01000e+00  1.768e+07  4.472239e-01  0.000000e+00  0.000000e+00  5.527761e-01
3.02000e+00  1.779e+07  4.507415e-01  0.000000e+00  0.000000e+00  5.492585e-01
3.03000e+00  1.790e+07  4.542304e-01  0.000000e+00  0.000000e+00  5.457696e-01
3.04000e+00  1.800e+07  4.576650e-01  0.000000e+00  0.000000e+00  5.423350e-01
3.05000e+00  1.811e+07  4.611131e-01  0.000000e+00  0.000000e+00  5.388869e-01
3.06000e+00  1.822e+07  4.645539e-01  0.000000e+00  0.000000e+00  5.354461e-01
3.07000e+00  1.832e+07  4.679384e-01  0.000000e+00  0.000000e+00  5.320616e-01
3.08000e+00  1.843e+07  4.713180e-01  0.000000e+00  0.000000e+00  5.286820e-01
3.09000e+00  1.854e+07  4.747077e-01  0.000000e+00  0.000000e+00  5.252923e-01
3.10000e+00  1.865e+07  4.780576e-01  0.000000e+00  0.000000e+00  5.219424e-01
3.11000e+00  1.876e+07  4.813960e-01  0.000000e+00  0.000000e+00  5.186040e-01
3.12000e+00  1.888e+07  4.847590e-01  0.000000e+00  0.000000e+00  5.152410e-01
3.13000e+00  1.899e+07  4.881023e-01  0.000000e+00  0.000000e+00  5.118977e-01
3.14000e+00  1.910e+07  4.914225e-01  0.000000e+00  0.000000e+00  5.085775e-01
3.15000e+00  1.922e+07  4.947624e-01  0.000000e+00  0.000000e+00  5.052376e-01
3.16000e+00  1.933e+07  4.980965e-01  0.000000e+00  0.000000e+00  5.019035e-01
3.17000e+00  1.944e+07  5.014002e-01  0.000000e+00  0.000000e+00  4.985998e-01
3.18000e+00  1.956e+07  5.047087e-01  0.000000e+00  0.000000e+00  4.952913e-01
3.19000e+00  1.968e+07  5.080140e-01  0.000000e+00  0.000000e+00  4.919860e-01
3.20000e+00  1.979e+07  5.112782e-01  0.000000e+00  0.000000e+00  4.887218e-01
3.21000e+00  1.991e+07  5.145240e-01  0.000000e+00  0.000000e+00  4.854760e-01
3.22000e+00  2.003e+07  5.177660e-01  0.000000e+00  0.000000e+00  4.822340e-01
3.23000e+00  2.015e+07  5.209714e-01  0.000000e+00  0.000000e+00  4.790286e-01
3.24000e+00  2.027e+07  5.241472e-01  0.000000e+00  0.000000e+00  4.758528e-01
3.25000e+00  2.039e+07  5.273190e-01  0.000000e+00  0.000000e+00  4.726810e-01
3.26000e+00  2.052e+07  5.304631e-01  0.000000e+00  0.000000e+00  4.695369e-01
3.27000e+00  2.064e+07  5.335700e-01  0.000000e+00  0.000000e+00  4.664300e-01
3.28000e+00  2.076e+07  5.366661e-01  0.000000e+00  0.000000e+00  4.633339e-01
3.29000e+00  2.089e+07  5.397406e-01  0.000000e+00  0.000000e+00  4.602594e-01
3.30000e+00  2.101e+07  5.427739e-01  0.000000e+00  0.000000e+00  4.572261e-01
3.31000e+00  2.114e+07  5.457877e-01  0.000000e+00  0.000000e+00  4.542123e-01
3.32000e+00  2.126e+07  5.487861e-01  0.000000e+00  0.000000e+00  4.512139e-01
3.33000e+00  2.139e+07  5.517465e-01  0.000000e+00  0.000000e+00  4.482535e-01
3.34000e+00  2.152e+07  5.546803e-01  0.000000e+00  0.000000e+00  4.453197e-01
3.35000e+00  2.165e+07  5.576025e-01  0.000000e+00  0.000000e+00  4.423975e-01
3.36000e+00  2.178e+07  5.604959e-01  0.000000e+00  0.000000e+00  4.395041e-01
3.37000e+00  2.191e+07  5.633645e-01  0.000000e+00  0.000000e+00  4.366355e-01
3.38000e+00  2.204e+07  5.662299e-01  0.000000e+00  0.000000e+00  4.337701e-01
3.39000e+00  2.217e+07  5.690817e-01  0.000000e+00  0.000000e+00  4.309183e-01
3.40000e+00  2.230e+07  5.719107e-01  0.000000e+00  0.000000e+00  4.280893e-01
3.41000e+00  2.243e+07  5.747343e-01  0.000000e+00  0.000000e+00  4.252657e-01
3.42000e+00  2.256e+07  5.775501e-01  0.000000e+00  0.000000e+00  4.224499e-01
3.43000e+00  2.270e+07  5.803435e-01  0.000000e+00  0.000000e+00  4.196565e-01
3.44000e+00  2.283e+07  5.831253e-01  0.000000e+00  0.000000e+00  4.168747e-01
3.45000e+00  2.296e+07  5.858988e-01  0.000000e+00  0.000000e+00  4.141012e-01
3.46000e+00  2.309e+07  5.886446e-01  0.000000e+00  0.000000e+00  4.113554e-01
3.47000e+00  2.323e+07  5.913636e-01  0.000000e+00  0.000000e+00  4.086364e-01
3.48000e+00  2.336e+07  5.940659e-01  0.000000e+00  0.000000e+00  4.059341e-01
3.49000e+00  2.350e+07  5.967401e-01  0.000000e+00  0.000000e+00  4.032599e-01
3.50000e+00  2.363e+07  5.993831e-01  0.000000e+00  0.000000e+00  4.006169e-01
3.51000e+00  2.377e+07  6.020078e-01  0.000000e+00  0.000000e+00  3.979922e-01
3.52000e+00  2.390e+07  6.046091e-01  0.000000e+00  0.000000e+00  3.953909e-01
3.53000e+00  2.404e+07  6.071784e-01  0.000000e+00  0.000000e+00  3.928216e-01
3.54000e+00  2.417e+07  6.097255e-01  0.000000e+00  0.000000e+00  3.902745e-01
3.55000e+00  2.431e+07  6.122505e-01  0.000000e+00  0.000000e+00  3.877495e-01
3.56000e+00  2.444e+07  6.147419e-01  0.000000e+00  0.000000e+00  3.852581e-01
3.57000e+00  2.458e+07  6.172057e-01  0.000000e+00  0.000000e+00  3.827943e-01
3.58000e+00  2.472e+07  6.196483e-01  0.000000e+00  0.000000e+00  3.803517e-01
3.59000e+00  2.485e+07  6.220603e-01  0.000000e+00  0.000000e+00  3.779397e-01
3.60000e+00  2.499e+07  6.244425e-01  0.000000e+00  0.000000e+00  3.755575e-01
3.61000e+00  2.513e+07  6.268041e-01  0.000000e+00  0.000000e+00  3.731959e-01
3.62000e+00  2.526e+07  6.291389e-01  0.000000e+00  0.000000e+00  3.708611e-01
3.63000e+00  2.540e+07  6.314424e-01  0.000000e+00  0.000000e+00  3.685576e-01
3.64000e+00  2.554e+07  6.337228e-01  0.000000e+00  0.000000e+00  3.662772e-01
3.65000e+00  2.567e+07  6.359781e-01  0.000000e+00  0.000000e+00  3.640219e-01
3.66000e+00  2.581e+07  6.382014e-01  0.000000e+00  0.000000e+00  3.617986e-01
3.67000e+00  2.595e+07  6.403992e-01  0.000000e+00  0.000000e+00  3.596008e-01
3.68000e+00  2.608e+07  6.425746e-01  0.000000e+00  0.000000e+00  3.574254e-01
3.69000e+00  2.622e+07  6.447202e-01  0.000000e+00  0.000000e+00  3.552798e-01
3.70000e+00  2.636e+07  6.468390e-01  0.000000e+00  0.000000e+00  3.531610e-01
3.71000e+00  2.649e+07  6.489366e-01  0.000000e+00  0.000000e+00  3.510634e-01
3.72000e+00  2.663e+07  6.510063e-01  0.000000e+00  0.000000e+00  3.489937e-01
3.73000e+00  2.676e+07  6.530460e-01  0.000000e+00  0.000000e+00  3.469540e-01
3.74000e+00  2.690e+07  6.550620e-01  0.000000e+00  0.000000e+00  3.449380e-01
3.75000e+00  2.703e+07  6.570510e-01  0.000000e+00  0.000000e+00  3.429490e-01
3.76000e+00  2.717e+07  6.590093e-01  0.000000e+00  0.000000e+00  3.409907e-01
3.77000e+00  2.730e+07  6.609430e-01  0.000000e+00  0.000000e+00  3.390570e-01
3.78000e+00  2.743e+07  6.628529e-01  0.000000e+00  0.000000e+00  3.371471e-01
3.79000e+00  2.757e+07  6.647335e-01  0.000000e+00  0.000000e+00  3.352665e-01
3.80000e+00  2.770e+07  6.665884e-01  0.000000e+00  0.000000e+00  3.334116e-01
3.81000e+00  2.783e+07  6.684199e-01  0.000000e+00  0.000000e+00  3.315801e-01
3.82000e+00  2.796e+07  6.702215e-01  0.000000e+00  0.000000e+00  3.297785e-01
3.83000e+00  2.809e+07  6.719933e-01  0.000000e+00  0.000000e+00  3.280067e-01
3.84000e+00  2.822e+07  6.737400e-01  0.000000e+00  0.000000e+00  3.262600e-01
3.85000e+00  2.834e+07  6.754584e-01  0.000000e+00  0.000000e+00  3.245416e-01
3.86000e+00  2.847e+07  6.771468e-01  0.000000e+00  0.000000e+00  3.228532e-01
3.87000e+00  2.859e+07  6.788106e-01  0.000000e+00  0.000000e+00  3.211894e-01
3.88000e+00  2.872e+07  6.804489e-01  0.000000e+00  0.000000e+00  3.195511e-01
3.89000e+00  2.884e+07  6.820579e-01  0.000000e+00  0.000000e+00  3.179421e-01
3.90000e+00  2.896e+07  6.836406e-01  0.000000e+00  0.000000e+00  3.163594e-01
3.91000e+00  2.908e+07  6.851971e-01  0.000000e+00  0.000000e+00  3.148029e-01
3.92000e+00  2.920e+07  6.867225e-01  0.000000e+00  0.000000e+00  3.132775e-01
3.93000e+00  2.932e+07  6.882188e-01  0.000000e+00  0.000000e+00  3.117812e-01
3.94000e+00  2.944e+07  6.896892e-01  0.000000e+00  0.000000e+00  3.103108e-01
3.95000e+00  2.955e+07  6.911307e-01  0.000000e+00  0.000000e+00  3.088693e-01
3.96000e+00  2.966e+07  6.925432e-01  0.000000e+00  0.000000e+00  3.074568e-01
3.97000e+00  2.977e+07  6.939308e-01  0.000000e+00  0.000000e+00  3.060692e-01
3.98000e+00  2.988e+07  6.952913e-01  0.000000e+00  0.000000e+00  3.047087e-01
3.99000e+00  2.999e+07  6.966209e-01  0.000000e+00  0.000000e+00  3.033791e-01
4.00000e+00  3.009e+07  6.979216e-01  0.000000e+00  0.000000e+00  3.020784e-01
4.01000e+00  3.020e+07  6.991920e-01  0.000000e+00  0.000000e+00  3.008080e-01
4.02000e+00  3.030e+07  7.004288e-01  0.000000e+00  0.000000e+00  2.995712e-01
4.03000e+00  3.039e+07  7.016349e-01  0.000000e+00  0.000000e+00  2.983651e-01
4.04000e+00  3.049e+07  7.028122e-01  0.000000e+00  0.000000e+00  2.971878e-01
4.05000e+00  3.058e+07  7.039579e-01  0.000000e+00  0.000000e+00  2.960421e-01
4.06000e+00  3.067e+07  7.050730e-01  0.000000e+00  0.000000e+00  2.949270e-01
4.07000e+00  3.076e+07  7.061600e-01  0.000000e+00  0.000000e+00  2.938400e-01
4.08000e+00  3.084e+07  7.072151e-01  0.000000e+00  0.000000e+00  2.927849e-01
4.09000e+00  3.093e+07  7.082357e-01  0.000000e+00  0.000000e+00  2.917643e-01
4.10000e+00  3.100e+07  7.092238e-01  0.000000e+00  0.000000e+00  2.907762e-01
4.11000e+00  3.108e+07  7.101784e-01  0.000000e+00  0.000000e+00  2.898216e-01
4.12000e+00  3.115e+07  7.110977e-01  0.000000e+00  0.000000e+00  2.889023e-01
4.13000e+00  3.122e+07  7.119845e-01  0.000000e+00  0.000000e+00  2.880155e-01
4.14000e+00  3.128e+07  7.128398e-01  0.000000e+00  0.000000e+00  2.871602e-01
4.15000e+00  3.134e+07  7.136611e-01  0.000000e+00  0.000000e+00  2.863389e-01
4.16000e+00  3.140e+07  7.144495e-01  0.000000e+00  0.000000e+00  2.855505e-01
4.17000e+00  3.145e+07  7.152056e-01  0.000000e+00  0.000000e+00  2.847944e-01
4.18000e+00  3.150e+07  7.159254e-01  0.000000e+00  0.000000e+00  2.840746e-01
4.19000e+00  3.154e+07  7.166079e-01  0.000000e+00  0.000000e+00  2.833921e-01
4.20000e+00  3.158e+07  7.172556e-01  0.000000e+00  0.000000e+00  2.827444e-01
4.21000e+00  3.162e+07  7.178672e-01  0.000000e+00  0.000000e+00  2.821328e-01
4.22000e+00  3.165e+07  7.184416e-01  0.000000e+00  0.000000e+00  2.815584e-01
4.23000e+00  3.167e+07  7.189815e-01  0.000000e+00  0.000000e+00  2.810185e-01
4.24000e+00  3.169e+07  7.194866e-01  0.000000e+00  0.000000e+00  2.805134e-01
4.25000e+00  3.171e+07  7.199541e-01  0.000000e+00  0.000000e+00  2.800459e-01
4.26000e+00  3.172e+07  7.203843e-01  0.000000e+00  0.000000e+00  2.796157e-01
4.27000e+00  3.172e+07  7.207760e-01  0.000000e+00  0.000000e+00  2.792240e-01
4.28000e+00  3.172e+07  7.211255e-01  0.000000e+00  0.000000e+00  2.788745e-01
4.29000e+00  3.171e+07  7.214333e-01  0.000000e+00  0.000000e+00  2.785667e-01
4.30000e+00  3.169e+07  7.217012e-01  0.000000e+00  0.000000e+00  2.782988e-01
4.31000e+00  3.167e+07  7.219269e-01  0.000000e+00  0.000000e+00  2.780731e-01
4.32000e+00  3.164e+07  7.221098e-01  0.000000e+00  0.000000e+00  2.778902e-01
4.33000e+00  3.161e+07  7.222516e-01  0.000000e+00  0.000000e+00  2.777484e-01
4.34000e+00  3.157e+07  7.223486e-01  0.000000e+00  0.000000e+00  2.776514e-01
4.35000e+00  3.152e+07  7.223934e-01  0.000000e+00  0.000000e+00  2.776066e-01
4.36000e+00  3.146e+07  7.223814e-01  0.000000e+00  0.000000e+00  2.776186e-01
4.37000e+00  3.140e+07  7.223081e-01  0.000000e+00  0.000000e+00  2.776919e-01
4.38000e+00  3.133e+07  7.221697e-01  0.000000e+00  0.000000e+00  2.778303e-01
4.39000e+00  3.125e+07  7.219666e-01  0.000000e+00  0.000000e+00  2.780334e-01
4.40000e+00  3.116e+07  7.216995e-01  0.000000e+00  0.000000e+00  2.783005e-01
4.41000e+00  3.106e+07  7.213652e-01  0.000000e+00  0.000000e+00  2.786348e-01
4.42000e+00  3.096e+07  7.209636e-01  0.000000e+00  0.000000e+00  2.790364e-01
4.43000e+00  3.084e+07  7.204973e-01  0.000000e+00  0.000000e+00  2.795027e-01
4.44000e+00  3.072e+07  7.199680e-01  0.000000e+00  0.000000e+00  2.800320e-01
4.45000e+00  3.058e+07  7.193784e-01  0.000000e+00  0.000000e+00  2.806216e-01
4.46000e+00  3.044e+07  7.187321e-01  0.000000e+00  0.000000e+00  2.812679e-01
4.47000e+00  3.028e+07  7.180278e-01  0.000000e+00  0.000000e+00  2.819722e-01
4.48000e+00  3.012e+07  7.172618e-01  0.000000e+00  0.000000e+00  2.827382e-01
4.49000e+00  2.994e+07  7.164339e-01  0.000000e+00  0.000000e+00  2.835661e-01
4.50000e+00  2.975e+07  7.155418e-01  0.000000e+00  0.000000e+00  2.844582e-01
4.51000e+00  2.955e+07  7.145794e-01  0.000000e+00  0.000000e+00  2.854206e-01
4.52000e+00  2.934e+07  7.135368e-01  0.000000e+00  0.000000e+00  2.864632e-01
4.53000e+00  2.912e+07  7.123940e-01  0.000000e+00  0.000000e+00  2.876060e-01
4.54000e+00  2.888e+07  7.111246e-01  0.000000e+00  0.000000e+00  2.888754e-01
4.55000e+00  2.864e+07  7.097119e-01  0.000000e+00  0.000000e+00  2.902881e-01
4.56000e+00  2.837e+07  7.081484e-01  0.000000e+00  0.000000e+00  2.918516e-01
4.57000e+00  2.810e+07  7.064252e-01  0.000000e+00  0.000000e+00  2.935748e-01
4.58000e+00  2.781e+07  7.045338e-01  0.000000e+00  0.000000e+00  2.954662e-01
4.59000e+00  2.751e+07  7.024686e-01  0.000000e+00  0.000000e+00  2.975314e-01
4.60000e+00  2.719e+07  7.002188e-01  0.000000e+00  0.000000e+00  2.997812e-01
4.61000e+00  2.686e+07  6.977706e-01  0.000000e+00  0.000000e+00  3.022294e-01
4.62000e+00  2.652e+07  6.951118e-01  0.000000e+00  0.000000e+00  3.048882e-01
4.63000e+00  2.617e+07  6.922251e-01  0.000000e+00  0.000000e+00  3.077749e-01
4.64000e+00  2.580e+07  6.890925e-01  0.000000e+00  0.000000e+00  3.109075e-01
4.65000e+00  2.543e+07  6.857135e-01  0.000000e+00  0.000000e+00  3.142865e-01
4.66000e+00  2.503e+07  6.821043e-01  0.000000e+00  0.000000e+00  3.178957e-01
4.67000e+00  2.461e+07  6.782865e-01  0.000000e+00  0.000000e+00  3.217135e-01
4.68000e+00  2.416e+07  6.742770e-01  0.000000e+00  0.000000e+00  3.257230e-01
4.69000e+00  2.368e+07  6.700589e-01  0.000000e+00  0.000000e+00  3.299411e-01
4.70000e+00  2.317e+07  6.655600e-01  0.000000e+00  0.000000e+00  3.344400e-01
4.71000e+00  2.265e+07  6.606769e-01  0.000000e+00  0.000000e+00  3.393231e-01
4.72000e+00  2.213e+07  6.553062e-01  0.000000e+00  0.000000e+00  3.446938e-01
4.73000e+00  2.162e+07  6.493721e-01  0.000000e+00  0.000000e+00  3.506279e-01
4.74000e+00  2.112e+07  6.428798e-01  0.000000e+00  0.000000e+00  3.571202e-01
4.75000e+00  2.059e+07  6.358931e-01  0.000000e+00  0.000000e+00  3.641069e-01
4.76000e+00  2.002e+07  6.284366e-01  0.000000e+00  0.000000e+00  3.715634e-01
4.77000e+00  1.943e+07  6.206641e-01  0.000000e+00  0.000000e+00  3.793359e-01
4.78000e+00  1.890e+07  6.133131e-01  0.000000e+00  0.000000e+00  3.866869e-01
4.79000e+00  1.851e+07  6.076806e-01  0.000000e+00  0.000000e+00  3.923194e-01
4.80000e+00  1.831e+07  6.046995e-01  0.000000e+00  0.000000e+00  3.953005e-01
4.81000e+00  1.828e+07  6.041241e-01  0.000000e+00  0.000000e+00  3.958759e-01
4.82000e+00  1.835e+07  6.049128e-01  0.000000e+00  0.000000e+00  3.950872e-01
4.83000e+00  1.841e+07  6.062103e-01  0.000000e+00  0.000000e+00  3.937897e-01
4.84000e+00  1.841e+07  6.077008e-01  0.000000e+00  0.000000e+00  3.922992e-01
4.85000e+00  1.840e+07  6.093060e-01  0.000000e+00  0.000000e+00  3.906940e-01
4.86000e+00  1.843e+07  6.109429e-01  0.000000e+00  0.000000e+00  3.890571e-01
4.87000e+00  1.851e+07  6.125526e-01  0.000000e+00  0.000000e+00  3.874474e-01
4.88000e+00  1.862e+07  6.141386e-01  0.000000e+00  0.000000e+00  3.858614e-01
4.89000e+00  1.876e+07  6.157197e-01  0.000000e+00  0.000000e+00  3.842803e-01
4.90000e+00  1.888e+07  6.173090e-01  0.000000e+00  0.000000e+00  3.826910e-01
4.91000e+00  1.898e+07  6.189242e-01  0.000000e+00  0.000000e+00  3.810758e-01
4.92000e+00  1.906e+07  6.205720e-01  0.000000e+00  0.000000e+00  3.794280e-01
4.93000e+00  1.913e+07  6.222374e-01  0.000000e+00  0.000000e+00  3.777626e-01
4.94000e+00  1.920e+07  6.239049e-01  0.000000e+00  0.000000e+00  3.760951e-01
4.95000e+00  1.926e+07  6.255677e-01  0.000000e+00  0.000000e+00  3.744323e-01
4.96000e+00  1.933e+07  6.272180e-01  0.000000e+00  0.000000e+00  3.727820e-01
4.97000e+00  1.941e+07  6.288505e-01  0.000000e+00  0.000000e+00  3.711495e-01
4.98000e+00  1.949e+07  6.304669e-01  0.000000e+00  0.000000e+00  3.695331e-01
4.99000e+00  1.957e+07  6.320663e-01  0.000000e+00  0.000000e+00  3.679337e-01
5.00000e+00  1.966e+07  6.336437e-01  0.000000e+00  0.000000e+00  3.663563e-01
5.01000e+00  1.975e+07  6.351999e-01  0.000000e+00  0.000000e+00  3.648001e-01
5.02000e+00  1.984e+07  6.367379e-01  0.000000e+00  0.000000e+00  3.632621e-01
5.03000e+00  1.994e+07  6.382565e-01  0.000000e+00  0.000000e+00  3.617435e-01
